OBJECT 0 ladybug

OBJECT 1 ladybug

OBJECT 2 ladybug

OBJECT 3 ladybug

OBJECT 4 spider

 

KEYFRAME   0   0   75   30    0    0    0    0  5.0  5.0  5.0

KEYFRAME   0  90   30   25  -30    0   20    0  5.0  5.0  5.0

KEYFRAME   0 150    0    0    7.5  0   30    0  5.0  5.0  5.0

 

KEYFRAME   1   0   75  -15  -40    0    0    0  5.0  5.0  5.0

KEYFRAME   1  60   75  -15  -40    0   40    0  5.0  5.0  5.0

KEYFRAME   1 130   40  -10  -30    0   80    0  5.0  5.0  5.0

KEYFRAME   1 160   10  -20  -20    0  120    0  5.0  5.0  5.0

KEYFRAME   1 190    0    0    8.5  0  160    0  5.0  5.0  5.0

 

KEYFRAME   2   0  -50  -35  -60    0    0   10  5.0  5.0  5.0

KEYFRAME   2  60  -10  -20  -30    0    0   55  5.0  5.0  5.0

KEYFRAME   2  80    0    0    6.0  0    0   70  5.0  5.0  5.0

 

KEYFRAME   3   0  -50   35  -40    0    0    0  5.0  5.0  5.0

KEYFRAME   3  60  -30    5  -20    0    0  160  5.0  5.0  5.0

KEYFRAME   3 120    0    0    7.0  0    0    0  5.0  5.0  5.0

 

KEYFRAME   4   0    0    0    0    0    0    0  6.0  6.0  6.0

KEYFRAME   4  80    0    0    0    0    0    0  6.0  6.0  6.0

KEYFRAME   4  90    0    0    0    0    0    0  7.0  7.0  7.0

KEYFRAME   4 120    0    0    0    0    0    0  7.0  7.0  7.0

KEYFRAME   4 130    0    0    0    0    0    0  8.0  8.0  8.0

KEYFRAME   4 150    0    0    0    0    0    0  8.0  8.0  8.0

KEYFRAME   4 160    0    0    0    0    0    0  8.5  8.5  8.5

KEYFRAME   4 190    0    0    0    0    0    0  8.5  8.5  8.5

KEYFRAME   4 200    0    0    0    0    0    0  9.0  9.0  9.0

EVENT 1 testEvent 100

OBJECT 5 Terrain 

KEYFRAME   5   210    -300    0    -300    0    0    0  1.0  1.0  1.0

KEYFRAME   5   1280    -300    0    -300    0    0    0  1.0  1.0  1.0

OBJECT 6 MainCamera

KEYFRAME   6   0    7    100    7    90    0    0  1.0  1.0  1.0

KEYFRAME   6   210    7    100    7    90    0    0  1.0  1.0  1.0

KEYFRAME   6   310    7    2    7    0    0    0  1.0  1.0  1.0

KEYFRAME   6   360    7    2    7    0    0    0  1.0  1.0  1.0

KEYFRAME   6   760    12    2    18    0    0    0  1.0  1.0  1.0

KEYFRAME   6   960    12    2    18    0    0    0  1.0  1.0  1.0

KEYFRAME   6   1040    -1    2    33    0    0    0  1.0  1.0  1.0

KEYFRAME   6   1280    -1    2    33    0    0    0  1.0  1.0  1.0

KEYFRAME   6   1330    7    100    7    90    0    0  1.0  1.0  1.0


OBJECT 7 sword

KEYFRAME   7   210    12    1    20    -90    0    0  2.0  2.0  2.0

KEYFRAME   7   260    12    0.1    20    -90    270    0  2.0  2.0  2.0

KEYFRAME   7   310    12    1    20    -90    540    0  2.0  2.0  2.0

KEYFRAME   7   360    12    0.1    20    -90    810    0  2.0  2.0  2.0

KEYFRAME   7   410    12    1    20    -90    1080    0  2.0  2.0  2.0

KEYFRAME   7   460    12    0.1    20    -90    1350    0  2.0  2.0  2.0

KEYFRAME   7   510    12    1    20    -90    1620    0  2.0  2.0  2.0

KEYFRAME   7   560    12    0.1    20    -90    1890    0  2.0  2.0  2.0

KEYFRAME   7   610    12    1    20    -90    2160    0  2.0  2.0  2.0

KEYFRAME   7   660    12    0.1    20    -90    2430    0  2.0  2.0  2.0


KEYFRAME   7   710    12    1    20    -90    2700    0  2.0  2.0  2.0

KEYFRAME   7   760    12    0.1    20    -90    2970    0  2.0  2.0  2.0

OBJECT 8 hand

KEYFRAME   8   310    6.2    0    7.6    0   270    110  0.05  -0.05  0.05

KEYFRAME   8   330    6.2    1.5    7.6    0   270    110  0.05  -0.05  0.05

KEYFRAME   8   360    6.2    1.5    7.6    0   270    110  0.05  -0.05  0.05

KEYFRAME   8   760    11.2    1.5    18.6    0   270    110  0.05  -0.05  0.05


OBJECT 9 handsword

KEYFRAME   9   790    14.5    1    18    180   260    -40  0.02  -0.02  0.02

KEYFRAME   9   860    14.5    1    18    180   260    11  0.02  -0.02  0.02

KEYFRAME   9   960    14.5    1    18    180   260    11  0.02  -0.02  0.02

KEYFRAME   9   970    13.4    0.43    18.3    134   280    5  0.02  -0.02  0.02

KEYFRAME   9   1040    -0.7   0.43    32.9    134    280    5  0.02  -0.02  0.02

KEYFRAME   9   1080    1.69   1    33.3    180    260    11  0.02  -0.02  0.02

KEYFRAME   9   1280    1.69   1    33.3    180    260    11  0.02  -0.02  0.02


OBJECT 10 ted

KEYFRAME   10   210    1    2.65    33    -90    180    0  35  35  35

KEYFRAME   10   1080    1    2.65    33    -90    180    0  35  35  35

OBJECT 11 house

KEYFRAME   11   210    12    1    83.6    -90    0    0  100  100  100

KEYFRAME   11   1280    12    1    83.6    -90    0    0  100  100  100

OBJECT 12 ruby

KEYFRAME   12   210    12    5.4    74    90    90    0  2  2  2

KEYFRAME   12   260    12    6.4    74    180    180    0  2  2  2

KEYFRAME   12   310    12    5.4    74    270    270    0  2  2  2

KEYFRAME   12   360    12    6.4    74    360    360    0  2  2  2

KEYFRAME   12   410    12    5.4    74    450    450    0  2  2  2

KEYFRAME   12   460    12    6.4    74    360    540    0  2  2  2

KEYFRAME   12   510    12    5.4    74    270    630    0  2  2  2

KEYFRAME   12   560    12    6.4    74    180    720    0  2  2  2

KEYFRAME   12   610    12    5.4    74    90    810    0  2  2  2

KEYFRAME   12   760    12    6.4    74    0    900    0  2  2  2

KEYFRAME   12   810    12    5.4    74    90    990    0  2  2  2

KEYFRAME   12   960    12    6.4    74    180    1080    0  2  2  2

KEYFRAME   12   1010    12    5.4    74    270    1170    0  2  2  2

KEYFRAME   12   1060    12    6.4    74    360    1260    0  2  2  2

KEYFRAME   12   1110    12    5.4    74    270    1350    0  2  2  2

KEYFRAME   12   1160    12    6.4    74    180    1440    0  2  2  2

KEYFRAME   12   1210    12    6.4    74    90    1530    0  2  2  2

KEYFRAME   12   1280    12    5.4    74    0    1650    0  2  2  2

OBJECT 13 emerald

KEYFRAME   13   210    7.5    5.4    74    90    90    0  2  2  2

KEYFRAME   13   260    7.5    6.4    74    180    180    0  2  2  2

KEYFRAME   13   310    7.5    5.4    74    270    270    0  2  2  2

KEYFRAME   13   360    7.5    6.4    74    360    360    0  2  2  2

KEYFRAME   13   410    7.5    5.4    74    450    450    0  2  2  2

KEYFRAME   13   460    7.5    6.4    74    360    540    0  2  2  2

KEYFRAME   13   510    7.5    5.4    74    270    630    0  2  2  2

KEYFRAME   13   560    7.5    6.4    74    180    720    0  2  2  2

KEYFRAME   13   610    7.5    5.4    74    90    810    0  2  2  2

KEYFRAME   13   760    7.5    6.4    74    0    900    0  2  2  2

KEYFRAME   13   810    7.5    5.4    74    90    990    0  2  2  2

KEYFRAME   13   960    7.5    6.4    74    180    1080    0  2  2  2

KEYFRAME   13   1010    7.5    5.4    74    270    1170    0  2  2  2

KEYFRAME   13   1060    7.5    6.4    74    360    1260    0  2  2  2

KEYFRAME   13   1110    7.5    5.4    74    270    1350    0  2  2  2

KEYFRAME   13   1160    7.5    6.4    74    180    1440    0  2  2  2

KEYFRAME   13   1210    7.5    6.4    74    90    1530    0  2  2  2

KEYFRAME   13   1280    7.5    5.4    74    0    1650    0  2  2  2

OBJECT 14 saphire

KEYFRAME   14   210    16.5    5.4    74    90    90    0  2  2  2

KEYFRAME   14   260    16.5    6.4    74    180    180    0  2  2  2

KEYFRAME   14   310    16.5    5.4    74    270    270    0  2  2  2

KEYFRAME   14   360    16.5    6.4    74    360    360    0  2  2  2

KEYFRAME   14   410    16.5    5.4    74    450    450    0  2  2  2

KEYFRAME   14   460    16.5    6.4    74    360    540    0  2  2  2

KEYFRAME   14   510    16.5    5.4    74    270    630    0  2  2  2

KEYFRAME   14   560    16.5    6.4    74    180    720    0  2  2  2

KEYFRAME   14   610    16.5    5.4    74    90    810    0  2  2  2

KEYFRAME   14   760    16.5    6.4    74    0    900    0  2  2  2

KEYFRAME   14   810    16.5    5.4    74    90    990    0  2  2  2

KEYFRAME   14   960    16.5    6.4    74    180    1080    0  2  2  2

KEYFRAME   14   1010    16.5    5.4    74    270    1170    0  2  2  2

KEYFRAME   14   1060    16.5    6.4    74    360    1260    0  2  2  2

KEYFRAME   14   1110    16.5    5.4    74    270    1350    0  2  2  2

KEYFRAME   14   1160    16.5    6.4    74    180    1440    0  2  2  2

KEYFRAME   14   1210    16.5    6.4    74    90    1530    0  2  2  2

KEYFRAME   14   1280    16.5    5.4    74    0    1650    0  2  2  2

OBJECT 15 wall

KEYFRAME   15   210    12    -0.39    9.45    0    0    90  0.8  12.3  18.6

KEYFRAME   15   1280    12    -0.39    9.45    0    0    90  0.8  12.3  18.6

OBJECT 16 wall

KEYFRAME   16  210    12    -0.39    -9    0    0    90  0.8  12.3  18.6

KEYFRAME   16   1280    12    -0.39    -9    0    0    90  0.8  12.3  18.6

OBJECT 17 wall

KEYFRAME   17  210    12    -0.39    -27.45    0    0    90  0.8  12.3  18.6

KEYFRAME   17   1280    12    -0.39    -27.45    0    0    90  0.8  12.3  18.6

OBJECT 18 wall

KEYFRAME   18  210    12    -0.39    -45.9    0    0    90  0.8  12.3  18.6

KEYFRAME   18   1280    12    -0.39    -45.9    0    0    90  0.8  12.3  18.6

OBJECT 19 wall

KEYFRAME   19  210    -47.4    7    34    0    90    0  7  13  80

KEYFRAME   19  1280    -47.4    7    34    0    90    0  7  13  80

OBJECT 20 wall

KEYFRAME   20  210    71.5    7    34    0    90    0  7  13  80

KEYFRAME   20  1280    71.5    7    34    0    90    0  7  13  80

OBJECT 21 wall

KEYFRAME   21  210    -83    7    -11    0    0    0  7  13  80

KEYFRAME   21  1280    -83    7    -11    0    0    0  7  13  80

OBJECT 22 wall

KEYFRAME   22  210    107    7    -11    0    0    0  7  13  80

KEYFRAME   22  1280    107    7    -11    0    0    0  7  13  80

OBJECT 23 ladybug3

OBJECT 24 ladybug3

OBJECT 25 ladybug3

OBJECT 26 ladybug3

OBJECT 27 spider3

KEYFRAME   23   1280   75   30    0    0    0    0  5.0  5.0  5.0

KEYFRAME   23  1370   30   25  -30    0   20    0  5.0  5.0  5.0

KEYFRAME   23 1430    0    0    7.5  0   30    0  5.0  5.0  5.0

 

KEYFRAME   24   1280   75  -15  -40    0    0    0  5.0  5.0  5.0

KEYFRAME   24  1340   75  -15  -40    0   40    0  5.0  5.0  5.0

KEYFRAME   24 1410   40  -10  -30    0   80    0  5.0  5.0  5.0

KEYFRAME   24 1440   10  -20  -20    0  120    0  5.0  5.0  5.0

KEYFRAME   24 1470    0    0    8.5  0  160    0  5.0  5.0  5.0

 

KEYFRAME   25   1280  -50  -35  -60    0    0   10  5.0  5.0  5.0

KEYFRAME   25  1340  -10  -20  -30    0    0   55  5.0  5.0  5.0

KEYFRAME   25  1360    0    0    6.0  0    0   70  5.0  5.0  5.0

 

KEYFRAME   26   1280  -50   35  -40    0    0    0  5.0  5.0  5.0

KEYFRAME   26  1340  -30    5  -20    0    0  160  5.0  5.0  5.0

KEYFRAME   26 1400    0    0    7.0  0    0    0  5.0  5.0  5.0

 

KEYFRAME   27   1280    0    0    0    0    0    0  6.0  6.0  6.0

KEYFRAME   27  1360    0    0    0    0    0    0  6.0  6.0  6.0

KEYFRAME   27  1370    0    0    0    0    0    0  7.0  7.0  7.0

KEYFRAME   27 1400    0    0    0    0    0    0  7.0  7.0  7.0

KEYFRAME   27 1410    0    0    0    0    0    0  8.0  8.0  8.0

KEYFRAME   27 1430    0    0    0    0    0    0  8.0  8.0  8.0

KEYFRAME   27 1440    0    0    0    0    0    0  8.5  8.5  8.5

KEYFRAME   27 1470    0    0    0    0    0    0  8.5  8.5  8.5

KEYFRAME   27 1480    0    0    0    0    0    0  9.0  9.0  9.0